33.28047451238933;-85.71318627943027;-79.60269591094536;
43.739078295170714;36.45331908335106;84.23820366504646;
20.459073307008538;-94.93704182419143;24.797239013289612;
95.58044027813693;-70.98959668774334;99.94231860011368;
79.93020431828663;-4.813811225730461;0.07039062105317839;
-63.483884871380546;-77.48722555072436;-50.160615376808536;
57.05809173785963;-10.945541327442854;12.357841809604338;
26.34615728896759;75.87703541222248;-94.30166689462342;
62.275860154349374;-23.540698628108387;96.17912148508506;
-85.80778036153714;-97.0093880527146;24.93789077623832;
87.69381036021383;-23.236840403941386;-76.62515158453778;
85.0400678354872;-73.95223215194306;-63.098564078785024;
-71.58086881365129;32.97372532293156;91.28898860276888;
73.64949168311185;6.761263705633354;61.306246201365525;
-7.631425017321263;33.10741979439109;80.26773172782708;
-98.93889106527627;-57.877521974707676;-57.785232040277904;
20.072741939802597;53.20574889715621;-40.165568454155974;
26.47008174848355;-43.35562823063559;-97.53853629869047;
-37.749553624042086;51.10110063967227;85.86151338519636;
99.84299095654612;-81.0456649229006;-15.699878031075087;
78.74928463786816;95.06165480028355;-5.697293235696236;
41.49058306239675;-60.56527698999194;-24.097245654131584;
-24.343006938553245;-88.8075072612281;24.048526850097858;
28.914327434093025;-3.5608659559449194;85.90594595702748;
-67.28720660771275;74.2210167776783;-97.42342971042855;
25.533380008177105;-82.58128595788487;47.00330797438974;
-17.808694160067546;-33.78703692806721;-89.48786559634758;
99.159022124444;-19.073193549894228;-45.96300515891396;
71.66924339427467;76.89039150292274;-40.90434488953858;
-69.01932328446945;75.65836753681808;-6.563186333873361;
11.869779297542848;29.468385728385243;18.848164832811662;
60.89968669132645;-29.975610898698264;42.355857225923074;
9.336445087473464;-28.917506126267085;-73.71447906086604;
-73.29144497264079;23.738001124821523;22.49582679790069;
-8.879593553184122;-27.39218391103377;63.0837590438137;
-20.846554626340946;71.84878493612578;-77.6819318350604;
20.947784945931105;16.51230564058777;90.24243896218906;
60.49992264732737;-11.167387556320051;-39.11421277427727;
-93.6808148262848;-87.24449706040254;-32.99249872125077;
60.88610576321213;99.82675866229704;87.6439992544413;
-76.59176105030721;-57.07169436995001;75.95096098171157;
-23.593115654004862;48.871237494065866;-2.4450344289609376;
-91.92842328814636;84.99390756301534;93.88863760409097;
19.317095942810766;-92.07137924727805;-85.41754923286832;
40.2352935478807;80.173483945156;-77.64951472615266;
-70.3655006881228;60.232502390974844;-45.15282551252049;
-4.26527698980226;56.63689844821502;-52.92254817178057;
-63.69568178535041;-91.23886696420766;-57.97771844628099;
-38.41858925034482;-19.502662725250033;6.356021841184315;
64.36948138943347;-66.17630068204792;1.7407261501465996;
61.71542428604175;-56.16605266421002;82.64264454412157;
3.564477924180707;88.23426693855035;-79.13992070081189;
-28.451343258130905;-25.383275751030737;7.47744275050195;
86.57910538481366;-93.4412236601075;-94.8364042928993;
-91.13216102606101;-61.10239670562083;99.61592838807542;
86.9610608214081;95.55541539396921;11.133370238994814;
70.67035426012686;47.74984458465099;0.9705597200495362;
74.15688924221027;42.16464366323453;41.35133724312482;
-18.14611091577831;-51.65183126986608;91.57787638678673;
-34.68126057844985;-53.9061468268571;78.28042309812955;
-29.151528873050836;-89.67558223134111;-42.507542325170334;
20.893413827901313;-24.090631392777766;58.94088068027273;
-25.381443138755102;77.02107048611398;55.23327920726223;
-53.800522337671985;-72.8027980259959;56.489355555689514;
83.1997315399941;-29.712640030172196;11.022575980217937;
8.602093781154153;92.25977053616461;98.96988517579254;
-8.828851136991943;72.68385386741102;57.288192792046345;
-44.19781161768246;43.33071381584523;7.450728777926457;
-43.82271652139706;89.92018815241951;34.35000888899867;
43.331274416183646;92.64005551301918;34.177902540882144;
-54.347166158804036;68.46150734796188;60.35507438282875;
-61.375558979148195;-23.050639984974623;6.92935194205036;
51.99902734474978;-70.20932907929853;-67.28329964153997;
-23.054352656869497;72.3772368726793;90.98211762594397;
-9.790357349703811;26.970143233521554;1.7763520241901034;
84.75110454049201;75.30164264370819;-60.57728150050761;
-26.172391037465474;-54.05209026553657;31.2451351335541;
-35.53854239654551;-18.41699759418485;62.22705733326583;
-44.52060010542094;0.4108385441089979;6.170849647514132;
28.6115836480285;-99.09682504510458;72.77489726487005;
74.31123315767255;-86.30536927539623;-9.431685708909583;
-19.62834256730271;94.13595975373744;-92.71579480850482;
78.53989770688426;74.9768523338544;93.17162225704513;
-67.22632482221024;4.70715049342239;-80.03362352985957;
-11.991507223796646;2.246951702863484;37.618721797391885;
33.79859625619085;52.092011298586044;68.30398982301301;
76.95482064557814;65.7790527911566;16.23771111760273;
83.81878105978029;-3.9621505751006083;-25.59814232269187;
35.88445436938838;-80.68149452059446;-55.177791727848316;
82.66344042348777;-10.235062074030282;-92.60080425978107;
-94.90700156235312;70.09601306207378;-63.41348453160867;
84.56969540048783;92.14239844931421;27.869619901026923;
49.479343553206746;83.14235258090284;-69.01834207089028;
51.16319114740017;-27.616890838796152;89.26544391749457;
-99.81449087263536;72.10664529750278;98.20741236204111;
-72.08122737766898;-67.24489843730528;-53.05244874663404;
-44.48481876561987;-38.32933649524701;90.92442651560768;
2.6975098219732274;-91.35762192271986;97.22089127315974;
90.6243784624464;-78.63503753917334;-74.41856850919145;
-17.769149791550063;-58.642356122746506;-6.0173933073181445;
48.619830195555124;44.66870765314644;88.5265856981143;
11.989338230636463;14.639379920596937;-22.126112665529618;
-2.2044888845497184;-19.872000158425763;15.145763258144001;
6.771804639848881;-95.14237717013813;32.871914567216464;
60.511961997838;-15.85368137091865;69.01608704756347;
15.494736300324519;18.583326635359285;60.60393142306006;
-84.72227192938058;-48.750376516421156;-65.29400840945877;
-52.15966918731289;-72.80312656339325;57.72541796262118;
-91.59548466534773;52.046448404378566;61.49598610054895;
98.29895268855438;1.3486340207478236;-7.2322751850422975;
-4.47130132713977;58.70432864855596;-18.086965851053208;
42.256890320887294;89.94010560150693;24.09139705973311;
-26.45175584660852;21.33709620004727;-48.58205178180501;
98.54734757690949;67.34462781141718;-29.981173269064755;
-85.78228533949817;56.90687345135618;83.58573440266389;
74.59049667962378;24.18345589973869;-52.22212784451197;
-77.24891585875025;77.62937855900736;5.275378232717131;
77.06126549542947;-66.65721269868706;-76.64417746559953;
16.15424273458852;92.84506315169145;42.074192415789724;
97.98055046616696;-36.83835011191099;65.40437606798142;
41.37310881407015;13.171155648290807;-73.92557517721306;
-89.85940805990083;9.815883325122371;50.49064982620595;
74.30034862096502;36.64457477814153;-46.97697637040923;
-64.36264785029029;-96.27854238124287;-76.32978966016498;
-4.289192587483413;-56.457912325447055;-91.81962556305103;
17.656309373484987;30.0076130824514;48.85509393332953;
-85.35597529263177;-68.46370259347651;30.807624550378677;
-68.91825252654363;57.368243065645174;-19.073191347544764;
85.84869246924004;-80.397357077483;-56.07416772785723;
36.3877618061272;-43.634790798918985;-78.95978442962337;
-25.25034499647616;93.29818004998083;83.58082990039975;
-90.08938681645952;17.881484761442024;64.99341986280729;
-13.029936616176997;83.22610836693565;-88.0937133137992;
90.16118627373083;-37.86830101848777;80.6899128349215;
-27.409221063936286;-87.90480636457445;79.28116742886226;
-45.648256118240774;12.534114524005616;35.25689968677642;
-92.21700124187883;35.06919917522717;-51.822397765099716;
-6.302665948550896;-52.19147085216442;87.84640613560467;
64.8094730111761;-23.757440952761215;37.11818702418202;
-25.90195185349107;37.73972346826076;44.947925536025366;
19.131645110230266;46.1134783543157;66.60913827104338;
56.17779004778748;-92.13674404211054;87.47206979797517;
-30.164289050664067;-52.231064720483424;65.96419276925377;
-17.1123557558345;7.490639737662093;91.08753363707902;
-75.97312781910841;51.936285606044834;-46.564771179492894;
-76.60897665187356;-87.52884330365029;-86.651535372432;
-78.66091909456306;73.75783611541976;-48.253947909886755;
60.022947161304955;64.2389422146299;74.94943489543726;
52.24459590889862;19.646515282673136;-86.41325811734215;
-86.07915650337432;-87.75636057609894;51.78009568724198;
1.2743490632181675;-84.70287637573605;70.3444388346351;
-10.501572452502742;-83.0883432363566;-25.01482650012639;
-31.696108487720394;72.14708511463746;92.67368425504148;
-34.80855585207874;10.810392197913572;35.50697729896925;
-20.67856591494275;17.467976371077867;-29.327658664748597;
-73.3666571554761;79.54024822973156;-42.989376504928714;
81.05133994054103;92.8625295948722;-61.47137187996221;
9.284868328399014;80.78625823020712;-42.04342844791849;
56.80933402211721;29.156267450860923;-65.48160554176803;
-56.91788875106809;-13.476173542306412;-86.94593775753528;
-63.75809731541489;16.29670937773966;0.010052687819367634;
-53.70186864997386;23.067944972964938;61.44229494739403;
78.25273628963132;10.570889776721671;-24.595148138753004;
-54.17815559271748;-43.1657197003424;30.6174780698978;
-39.57917491083971;35.76221039070853;-11.696432528597327;
-25.391009575333484;-12.430356553227284;-39.85765732730546;
32.41897131110298;-60.794846998793915;88.12398756732682;
54.192873519243676;69.51086812066711;-51.79561299865079;
5.075007019561028;-70.6505205471393;-52.75186550798099;
72.77074195798585;85.42083369507048;9.66913589560346;
17.382136151931178;-58.42122183980687;-96.21914248775121;
51.2947600901671;-3.4193508223002027;50.81901780040175;
-85.5635115684352;18.680482555373843;-5.746534672326803;
-93.14182936502297;-71.6865772166523;29.766230532929768;
90.31023442772451;-61.55012963155828;42.08427748385347;
2.0169073831810778;-82.91962213763958;-99.25677798884101;
8.484639639476413;-67.78198700647064;2.1637860885405047;
-40.06191207704477;-69.90036658390856;25.146146479952506;
-37.22977118096236;-4.712525159083896;-16.707876732138786;
-50.290700123046015;7.144354123158664;84.24912359722333;
34.607718242533224;-54.121467149066625;-5.037685036515299;
46.93975008806731;98.90597406058558;-68.29090647630778;
-63.87500840684932;-82.35282219736601;6.630940431543195;
-33.024340996965236;66.16201818132558;84.00695969340785;
-2.9513700672856515;18.42288766877553;-73.50028363610635;
-11.448199872891962;34.94271486619692;-58.64085792649541;
-0.8648078809914779;-77.30643398651249;60.17405642797877;
-56.70239650711404;-2.202104105594202;-40.200725385376934;
-77.32637270252832;-72.4242071825622;-98.5309627825788;
71.87396431463824;29.852457382174066;28.36096275628364;
31.16820826586718;-46.53495886168739;-60.92368541730797;
-56.82470616862902;-82.79422736315982;36.75401756539972;
64.76687741411052;-54.9483697370208;-18.361478897391308;
23.403427186301556;-62.14473156117233;-86.34320288104627;
-30.544746615568982;-18.421996682129006;54.727791097418276;
-36.8037112256038;2.0578817727979697;60.66088167799319;
83.46784271087176;64.64058660907773;97.89289329706247;
-38.46278168758634;57.11206051385989;60.789947327510134;
7.626887506914997;66.91899854101462;-23.197305763361584;
54.921092052817386;45.04907050285746;-15.963483012487131;
-27.867553061465955;-82.76426600643987;59.92268097531135;
-18.8764142584712;21.64191197623336;-1.9424913119597846;
-4.703735744464879;9.474947572834623;23.34392275705764;
62.70039505616583;-0.6751436457773821;94.45603918591368;
-76.68688931886362;-29.84174305602349;20.440253246927014;
51.69687966645873;59.79308112381861;-93.7582200428485;
4.748439465141104;-61.19679880940521;60.93767969615632;
51.51553210425769;35.821500612084066;-11.730259219273222;
-53.783177593838836;15.364541439490395;9.590279170983209;
-16.117961066046576;-75.31849063720307;-0.2537636847575868;
-79.16689807404342;-59.25533811963126;-42.303350803733;
69.6603138443947;-47.20490740988781;-71.82463121930283;
59.414384127178494;-97.90454505871212;-92.23855326196156;
-64.94369712069239;-54.825264475451554;-38.81139951792056;
93.94732696806534;18.834820331582705;6.184321607685433;
4.558830748546683;-7.144109032196781;2.218100005277563;
88.23810056620152;-35.74533865456746;71.29520146745153;
85.7073927487485;-17.086898140218125;-34.520000590936874;
-26.466297533967904;-70.53088489842871;-98.42292219329146;
-52.75941410748051;31.613108107145848;24.641745055482914;
95.71926758328141;31.279393613148955;-34.37349595082799;
-77.9711207232198;11.52434588294551;49.14587345959299;
10.808650174627957;-84.76944045036;-77.72523946664167;
81.97064633703837;-95.4255609410796;85.6163170945278;
69.08079104183781;93.49371050088521;-5.8194564638088195;
8.145160262664234;-41.39844912349127;-55.879181402584656;
-15.52560150688356;89.88912732278226;15.83443912101336;
62.25924784534254;-64.76633636078297;67.21869431099739;
70.71442028240094;18.91075525550319;38.88843790258733;
22.95982713415448;-30.82132218043499;2.4760597160004494;
61.957465121357956;1.4340804235711317;-57.483784740312146;
-77.04824305059378;-82.68123964706766;97.14466143318177;
43.23606527789957;-11.822875044938527;49.47402552838534;
-28.027013701441433;-38.64822227967943;89.51488512843875;
-38.74460486399018;-83.89826827650126;71.89397106675978;
10.326483888166862;87.96198028867991;9.482118049242416;
32.62680520544271;-72.17091620221723;-66.29707382163261;
63.51448807636726;50.35822490499041;-82.60208425872592;
-75.2374338265486;26.713028257877184;64.89793865448806;
-11.895593364996799;6.09245794590943;23.476904340796608;
-38.36883029213669;-20.743223367414586;9.574077643567477;
-38.30830539503596;-83.1597518058253;29.936618023381072;
56.48506699379806;92.73656211311155;-95.67981151271208;
97.0013832860748;-78.35909288152129;36.5741635096671;
47.498440160991805;-58.25065807534775;-17.02695233971332;
-5.048118350186613;88.1831180969993;-68.5799398626834;
-92.1564951394414;-32.65554140527473;-38.772000952760166;
-91.06989388773377;-13.81489382383269;-42.8802136636474;
-86.18329571933091;72.72018282409931;10.595442921390614;
9.51103202031149;-11.267488411701436;78.31645717786904;
24.801878743755722;58.32999568229036;2.8943426329100816;
24.185459412165656;-85.54613629097608;-25.04201020736801;
-4.396555204287921;16.68843273736364;97.9878876239608;
-88.99773823232596;95.35946109679588;22.41763780729849;
90.34956765818848;5.107379522529527;59.76859684155869;
-89.07638457691615;58.64629141385225;-15.237257379012064;
-20.01937679502332;-33.181001576732385;66.34297138865873;
-64.45126849325086;9.255526871366186;-92.52892255982292;
-88.59738939150145;-66.88420681916662;74.6747836839352;
-19.028228616975284;-96.18781363659221;-62.70785392252225;
-38.32388142395333;38.80036427780965;-0.7762407024844578;
-66.932577544004;-76.99518711863296;-21.429217811634743;
7.979489664877562;-30.19882081242227;56.83864767510494;
34.481866586425355;-67.42149998489617;97.8566424017578;
-76.74240204340936;56.56559477554694;51.68242647019321;
30.961746161435485;23.893494730549463;-35.445219034264824;
-34.95427141006222;72.95100332071169;56.508952032913044;
-11.83163500499991;41.29576666981518;39.14332687128356;
74.4188183094634;-87.1610792421823;-30.7232775950381;
-24.537481045805706;30.081619880347205;-61.61635487958637;
3.7106282261478327;32.508669917176434;62.85241187105137;
-72.15340899894687;17.217644174515897;87.1402537208524;
-97.19744082645786;-25.283550717120434;23.276949483462303;
20.728346125702558;-94.32397189631914;-51.04912046364576;
18.498570249410662;-38.90415767631477;-91.53417387354253;
-4.285237679149105;7.6155976936782395;74.25626400899509;
-99.24166402679448;55.46647858363647;-79.10474937924157;
52.41812328499378;43.90724007829533;-49.997226370610235;
11.206363024588128;86.32253475202646;38.262905966797774;
36.29938132941021;26.7698830442242;32.83324454743058;
38.097154342104574;68.46110939654412;-4.341923858763664;
92.79982172149064;44.52729193603068;-72.17830251645995;
29.39714570840431;-0.4336413744115504;-31.342499560009784;
82.2102628539428;-44.43289392238259;85.0995069299625;
-49.68038156551864;17.627772903629108;23.081721695167374;
38.561311639920746;42.209449427619916;49.05349145909943;
-11.129519040245796;-98.74611753567221;24.878853712304718;
61.82793622122739;-9.026420972826216;52.21439752383233;
-95.04216491978102;61.03545961266897;-59.4000893509381;
30.340623316250515;-32.85500900146489;-86.46391411947127;
-75.5127202164569;11.77860408747533;99.91869009332603;
-44.22715334568472;98.94289873276236;15.405801777736087;
95.58545085389915;10.207379428994386;-21.76850583796491;
44.5944743831534;-62.80394055798952;4.213161487531309;
72.51726912385442;-9.958313571488091;-71.97608022568305;
17.482254861845178;-85.64492209466712;16.303889356462392;
93.71441671985013;-2.521943407240883;27.765305128217392;
-66.22443349322666;-7.12213816804757;-22.806922847701472;
-59.78416020403905;-81.79698407252269;-91.18712706665639;
5.447345526249109;-84.62622591271062;81.42587896268876;
-36.788999509623046;-42.81040344387495;93.27837402870495;
19.890653470423473;-7.892542620543381;-70.26002058889769;
-35.37393027343208;-28.418143365530966;55.00697310803619;
50.63953417414285;-22.852896463425026;-2.631742891187926;
10.027718196505305;23.748307217340752;-25.407253191508474;
69.36296143535;81.07042993461019;22.460509673430167;
-97.3591549958139;96.74784844273708;-32.56612695775634;
2.381715895025522;-18.933318289934903;-51.38563877557103;
1.9618233278241917;-49.46044636481486;-62.184873418782956;
43.724123417751514;-49.2791724751839;14.176086915975517;
-71.85090074888316;68.69468891772962;65.37214260402268;
59.39647754454154;20.838501974594806;58.96691281772365;
-51.184828858963826;-1.5748421624731463;23.39274558715036;
31.01233804208772;75.34384770064503;-6.052666540543413;
-60.37086783479801;-10.409639774611776;18.471583086593782;
-0.009871413662153827;-94.59157485906329;50.466528817883784;
-17.25578018898763;31.024252765257074;32.157867996941405;
16.8549863440374;-89.72525869862487;64.44375753787159;
2.841194797855721;26.94943920635086;38.39741644223412;
-23.69218292419444;-88.67594428987732;50.258898725822775;
-78.24692378258653;-13.79483659007606;-86.37761285446852;
52.065588813882925;0.2814922700119098;-55.67164649411494;
-31.689598514981768;-31.825554559784635;-5.989413747706379;
32.32158251617679;83.40381111706782;36.22477157918874;
-63.80342659663059;69.19227608332531;58.32305299255958;
-84.81351022829202;-81.71704630248428;14.553397235924436;
-87.91969073099064;-8.735210789289894;13.310483685988089;
43.689786549315045;22.623181863957285;-83.71136124702178;
-31.17574297920433;-67.58142055229123;67.30694107717912;
-46.23980661670257;-84.0119133568999;34.440177014829004;
-49.24366018484277;-81.90641078844911;-71.46952200132766;
59.852905016145826;33.91705045767333;-15.82666812507027;
-16.689478998787408;-29.26900741268274;-63.11419173707724;
17.213907744901206;-76.29392563357499;-1.8578915883459217;
-21.852526514881035;-72.9960888771797;7.690693227394334;
54.70725322221858;-65.8637962623573;85.96946939679822;
-65.62012250356773;67.78228735876672;55.57710130210705;
67.09336888957856;85.99113497994168;-9.432913209239118;
-39.14640679767414;55.577804394604385;96.5765604600013;
61.92474596424816;-58.31490259472511;67.24026206818914;
-35.44937681017477;80.41987278083013;-37.311658650253655;
-33.01639694769483;-37.050089348174644;34.06158473058093;
13.934964930440884;22.282952885665907;-30.47430698352376;
-15.536669421242195;84.40698422033591;-50.51637031089984;
-61.815825316160456;42.60828402057163;64.29077653330995;
-85.19419103504549;63.953371361856426;-6.864385504095054;
-44.660638356399815;-62.696702841554;-44.430288782250685;
25.03943589668205;71.07175205734023;7.62521987645097;
22.941319300898726;-91.10116094291978;42.36722684973313;
-15.718842692268879;-88.840764165721;24.234042264187664;
9.051489134708973;-41.78837671303206;-31.608290377853194;
85.31013098734067;-25.63936421033577;86.8175515128917;
21.91085039504695;39.68647314700891;-73.29194871652274;
90.2038329067035;-45.33499749529333;21.036570319451855;
-8.031693801993953;75.24365723663936;-75.7758396333754;
26.239403187537235;-30.468788803688625;-92.82812226667873;
-53.41004702408105;-43.5297771431997;-73.33170486926299;
-16.232790972719073;-20.724311046036732;12.99500050335189;
78.29303739258287;-16.215338815026087;-18.773982353786778;
-29.400482364441586;-37.01489992453213;-40.848871583315784;
-98.44011295760251;-34.93943768748838;-58.81184975858864;
19.538636210334317;-45.21551308502731;-74.20678218550545;
87.77957557949404;18.28131580239689;77.04193438436374;
60.78488785159442;28.749825096659606;90.20374685293692;
-73.88545260322657;58.15322224495074;-19.482180332685544;
14.779825361426674;-12.671391321698607;-92.85840061055335;
-9.551759760761769;-17.85705886362898;78.16052476590454;
61.092525125535445;-51.57466592403173;24.819752076611863;
6.26348503110043;65.91573315325388;-58.12290047820592;
-55.33854938666811;-71.20340925531261;-40.205552685584145;
-39.5673263253697;12.297978907401415;85.3526992381951;
-86.65025906556383;21.434875257075262;45.54211015263263;
32.445132279436535;-75.79048114217888;83.81886078461076;
83.5221116958567;94.42750906046166;-94.09472961541954;
45.40695637934334;-35.077058380610524;63.88509196155451;
18.246181441937523;77.45879615747776;91.56782285538426;
33.949948026780504;-25.20311287934524;-59.64510473393829;
-87.32668474438177;25.656482207950944;-67.18839162957937;
-54.41907108359783;0.4628315952320179;-14.632225351017624;
21.954027673561754;81.71903377888182;4.424848341461555;
-29.532657974856363;0.3588480276080759;-94.05857831120743;
69.35383262534063;-84.0750048132387;-59.93257760480073;
-82.45919229059871;81.41337729602685;80.00939400552792;
38.596595880238795;76.32108664636439;-33.18744509901619;
-95.66578797689391;29.376243085414217;-93.78914627347746;
9.288203031189113;-8.411375813427568;21.01777564578839;
33.25130632896932;-24.56275701972062;3.7170355546980716;
-66.14777511516985;47.14930294750525;-58.95514517974421;
-86.02292032566893;21.9032659726647;46.87521645844549;
96.9057857673717;8.218783345620096;69.43700378389039;
-66.67555963616257;79.23766041169873;-76.10790972924912;
-66.54307803206494;45.85039889148484;-82.36322521644463;
39.703795345908105;-33.01104941346516;-95.48403029724525;
-77.37166066235604;84.5091777137282;-97.27175867112572;
16.199318704411027;-54.78527581027897;-79.06247813193494;
2.5956786038597244;-69.77080740436443;32.42689373627968;
77.4149228443855;85.97884080528203;-11.986230049858833;
-24.264341293529128;-48.33828836704805;37.90857893186808;
-98.83371648042758;3.2810270489177924;89.4060081169213;
-31.850938543579858;13.919574511038135;-97.77056572438048;
-46.031115109617616;-56.84444984215269;58.1609768339282;
-25.829675322265587;-54.45928380368106;-54.91909729781037;
-6.792211842886161;24.314885850719037;-96.61760044567416;
25.488191412863003;-62.51715411193868;64.36153574340139;
-70.15090241108209;-83.84645150189894;45.538644822244436;
-30.75579558677353;-87.9516793099803;35.31974631431075;
61.417503933073704;-30.418960473093733;-14.891880656427858;
84.9877675900448;-11.875469539238253;-15.507313224215125;
-19.554641920471767;73.30999668055787;53.02888446202377;
3.5609623946424307;33.08794965387008;15.87538710342183;
-79.70180187442821;12.050166391920385;-15.98088352428067;
-29.346613888964043;-95.99006183796146;-79.88502336299648;
6.67573659274106;43.59011099182848;-30.627524602970425;
4.570317907458559;11.146921781080493;-34.67337553211969;
-25.472049703632436;-99.09979023333995;35.2830492209676;
-15.76402650306052;-98.30225714105339;-6.465819074134615;
18.839463290997145;-53.04800774228349;-46.02926327634225;
-55.978619356628556;74.94326032477363;-55.210415594159045;
-47.176587600781914;69.58403462805515;22.585475004779454;
-7.0673489160136995;61.49995068469818;-61.36646714301697;
-75.4948611382111;78.9925203324513;80.66964677854355;
85.18397020898695;86.74578108067891;-31.483855104257614;
15.31779879704969;-39.30051379419099;19.328867295565644;
-12.749958838976625;95.61561331972129;-60.236643153414924;
31.902882244582145;13.44239373295639;-50.4466358848632;
-24.941627768296783;43.89074742759996;-91.80760501871772;
-28.589550914003368;-42.50051888992046;25.57232925246815;
-12.167604013292689;-92.32519659622098;-21.03855829575656;
54.70286504133034;99.55500539213375;90.81327063407969;
-82.10442808542058;72.68222561920578;-0.026078497214342633;
-8.666292620178197;72.23140123685482;54.95393375369804;
56.033710626181886;29.86841316089405;-50.689477778586166;
72.22699395506913;-11.339586962803239;93.54780911345796;
-10.798471977941063;12.277577957929182;61.771394565590356;
-65.27783194532208;-54.403520642082135;-43.498265288498004;
-17.260632038714533;-4.8716840671453525;77.59085414134458;
-38.94567855327728;25.132180591642978;-5.1126875520239;
16.000634527707987;79.32339959436047;-89.47358078491838;
53.25814986145653;-40.52841848000379;80.65349540590498;
-6.580505934133868;-33.13841197556397;-71.51260320383082;
69.64501456884946;81.74143956065319;-38.87270704457353;
-40.51491396239897;91.02136366017274;-4.805786441098931;
-47.99351026782919;-43.36276705163367;16.969235809142646;
-85.37718786185597;-92.46848487998713;35.46267335468704;
-42.97833753029139;-92.15083254884277;82.59250526432561;
-9.721580401136578;-95.03253095344661;-69.12378627197504;
-84.65924621200433;-3.3926161285476724;-57.06514575059318;
98.09624817549766;19.91715552879745;20.007957658224058;
59.71081331750486;91.11409991583488;-12.2566708383155;
44.39306749356581;-91.47768513876515;33.02233367076366;
18.401999319486123;-44.24210297420685;28.919043173888866;
-6.557834452749162;-58.8276685431544;-78.66297288888319;
-11.938292342130637;-90.62963866792153;-40.42507292094679;
-10.43667987658263;-41.36606940980272;-92.15095731454642;
53.820353419219174;2.8024022918611564;43.759792240338186;
-1.298308127326834;9.843932297540078;-37.31177531087664;
-16.276857018242623;69.05544836386636;-91.3511177997385;
-83.01337363248804;-65.05104461952257;56.09611583375599;
5.968645203686691;47.26558275761761;-1.3790782890932007;
-99.52092734155971;59.79854919474744;-71.74786413519645;
94.47365395640682;-9.954316629465396;-77.86412757240105;
-97.39219716441782;24.711868392523257;91.97143874407308;
1.3065057332680539;-31.04434795096853;-46.32695605921238;
41.198642995687806;22.54539897940002;-83.65613227171869;
40.764009103073704;-96.01704457612274;-32.962806732283184;
54.932218002145504;7.366088108077818;-32.39028389800423;
-46.58772910946103;-9.460671168146035;-7.182546626214801;
-79.18749742563898;-59.267255349639655;69.79027673042768;
-39.75467737676608;-15.847008544690794;78.29184913506333;
-17.044452933019656;-50.06513871453029;-74.40232090184523;
-94.91076104901286;-46.82595326047729;46.08555878679687;
53.753641147592305;10.633875529270526;-36.39573558925018;
22.219971470612094;19.702049356998202;8.765107507492132;
-21.85057456244472;61.17382377844859;-21.905262269128215;
-52.52824072934186;96.75387981114125;-92.48954748591498;
-40.84437354490258;-19.772078895029807;52.869660412825226;
-96.6333159463572;-14.544544021786493;58.15341571167144;
8.543613278722532;-16.84869775410563;-69.19520725499947;
-32.6542170370133;31.677094942737057;58.18128950806687;
-36.66318766731167;32.01980493440709;-49.63814405594118;
-90.74489042861723;40.82798086271933;31.629621501091975;
70.7971577449967;-76.67361809768121;-66.46869851362875;
-61.06248188695111;-81.855099693751;-40.14467862409201;
38.273299272968956;-23.967384987172238;-86.21907730075793;
-86.92057166226257;17.292605502077166;6.5916113842584565;
-62.247641108107544;-51.64112465697597;46.274391358581994;
35.21297814329952;41.852413020488285;-66.08373218296622;
-11.738341076044748;-31.555103368502202;-23.42454786113936;
63.70436357492312;-76.39922985050269;7.16638253369814;
74.31698902359926;72.7994212498489;-39.19469063536174;
86.2700662273248;-8.465480082224389;-16.367946418504204;
-70.80113442868341;55.13425493888974;54.186983529354166;
-10.468688624145656;11.423834663326943;1.160749380929758;
73.62187343057653;81.47193003665109;12.38006058149898;
58.69422965180556;-95.81910724111886;-45.42127673042826;
-19.11647518993223;16.92786372390853;99.1463612705858;
-7.143926562558647;-98.68806033785785;42.93894042622202;
-11.747667039372956;-76.22531515569835;-45.26932831300978;
69.78745365885638;-52.164193383408765;58.7616329419491;
12.468988784516966;64.64945704386892;-36.19493981417716;
91.30404288504198;-30.15691309508901;88.2462911869269;
-2.0463508877791554;11.290550079055421;53.699079092780664;
-15.630381227318125;-40.24975293466453;12.378957241153813;
-55.32446898079317;97.09147991277206;58.58594393277792;
-81.40758571431424;43.561840801701635;3.287467044123929;
-34.43768748624956;37.010634902254026;80.85517887371134;
69.39029770987227;-50.74494989930292;55.336608454768566;
-80.40465550756105;93.83007578999266;-33.51046751375371;
46.28345655263561;33.783496905956895;-19.593429101263155;
-12.983742590663212;15.139998789631974;-41.83282307029952;
-97.12198694092366;10.075678540273287;-67.46218714265346;
-0.09933538690198418;-32.66022183191863;91.19348881105711;
31.356483610267162;78.56630027211637;-43.49434066161513;
39.148955540965034;-85.13209112652797;-81.73113018176277;
-51.20683035911928;65.9105258147425;-77.3654205887387;
-46.00815412585526;45.15369219524209;-23.56554006967879;
31.34071227872053;34.13069785334076;-92.12286939215677;
70.57378199000908;-70.35066651514543;-97.90484146434291;
-81.86009842979638;-4.053571591025687;-0.6576380746136294;
-77.90113467768869;92.85407384008894;-61.53692638662764;
-40.58519749631488;-22.268714389113157;66.41467960975788;
-33.68345833605429;85.45830032864063;-83.36645014715694;
39.23105275067405;53.586503450698274;3.583334222612166;
-59.42379253862049;22.467362779819396;-98.7855408861117;
76.29329311526288;-52.53641114763163;-32.79361323267496;
-54.0442288893533;-52.862053171522035;20.266040917531186;
56.28970607397878;-97.9830389360694;91.63767205745518;
27.607728641263776;-41.62342387735627;15.438131761674526;
33.88399392336623;51.71445113859218;-3.6972450256298686;
-72.11818089267743;31.3860198521474;91.65227595477862;
-34.39033221595584;44.3412883351013;-94.85360076059455;
3.2645556897871586;-45.846689957499365;-21.617275027601337;
97.61453045242288;-68.05869810558391;-40.00860109648565;
8.887413674830597;-21.92126003224226;-29.66846910554537;
-17.713695067800046;-76.13848958923305;83.22333314693154;
30.33573392895184;-31.24963257368462;-50.26738989202808;
-20.009651939099626;-42.807791249794704;-56.80069686715284;
68.65387358629908;-31.450017098519652;-66.80249162243743;
8.068405736982001;-88.3120015733923;-94.90224243532701;
19.57787893735056;-80.71464474112187;-17.655070502551553;
17.360409629017084;67.255087682811;-35.31749616071423;
12.79875716599534;-89.89326858580995;-9.273414301283253;
-57.82947796848876;-15.789225439502673;13.623545293474336;
-55.99340909811901;-69.81553162066268;-47.062703281131355;
-84.96894283070671;63.551126668515764;70.45223473323693;
-83.99767224803578;-69.52407401596174;-49.683264074433886;
-58.0754239083624;-77.9331719236329;-74.34553715718351;
-48.42097296188938;94.74481467228603;88.2277263546226;
-27.217582170148802;-27.13609407160274;-65.57449218496478;
-81.66836558510416;-55.95819197533323;1.32075723110718;
-1.0616393094747423;-64.91050748823682;-15.30053031004259;
-45.90643610861258;-44.78725135729065;-63.86978855787133;
-16.494129837443495;78.72239147968861;-43.422731862533226;
-36.767264776894336;63.64698635420433;-72.6657423346786;
-51.032213453264696;-65.6723929268008;-45.564078564475174;
-97.64097833177652;91.26461367581337;29.4606710422172;
72.09518197654126;-71.2675501531188;63.91027268961028;
-55.23688110028826;37.39440565027033;-53.974886594748675;
79.99869467320076;32.573607409438296;-11.427389705559676;
33.66249987215397;84.31545937201938;-68.79027974424785;
9.887885264459655;83.37810229859917;-71.65206778641549;
-45.512213380885754;89.30164045879792;15.267938722497746;
43.073148864676426;58.94132416969853;43.21859925947237;
-2.7085334314350717;96.37038624979763;35.79023286501675;
1.867630162338358;-27.209616981178925;-81.80563374449167;
85.06426345659216;-64.17718164197609;26.573500958230937;
4.184191768506508;-79.11413225758066;-77.67198428295437;
-72.65774874900629;-32.82793146382899;29.76916031486229;
-0.497731726330656;-27.291901888698348;-3.9049264079922636;
57.89319311290362;-62.83236813659394;32.77963934925759;
-96.89791333211146;-61.34056595793753;64.95484474053293;
39.27371618292892;92.18729488169362;88.4447307144381;
41.50644072885245;99.33147811121975;-33.52942142206672;
-3.6872233043957863;-76.98903895427618;-73.30316561643002;
-93.71581644341667;12.548530833851174;94.96597228737994;
-22.358653917426437;-3.485760999430127;-98.76828432695596;
-32.018365906390954;-45.00385772343209;-40.81543662045828;
-36.333073986804166;6.60068404992991;0.8780708359432197;
56.05950090041392;62.339651152437966;59.524686977307624;
-62.82631444665536;66.08131588096884;79.16884955770749;
90.30054084739655;-67.42850030342164;13.747020585627467;
27.17850375859652;69.43525008249901;-24.090766521594162;
-72.93168506403632;1.311923129058684;-17.928985014728312;
-82.17045247268089;-62.45238282609022;1.9643201626196287;
29.766835880896878;6.214142882112355;99.64198251648716;
-6.089401081057716;-39.40322068042401;-14.407113769717967;
3.4760196134653256;-26.343014608410726;48.68922457277867;
-43.29909210250476;-17.896255312569735;-90.15344378366241;
-37.50463941168225;99.58346851430545;73.40858149109545;
-5.799600013387888;10.489413384179485;52.12471353243632;
86.76959315474531;94.57766617569749;33.66695551266969;
5.603150747825026;-54.08874128493315;37.08926929597391;
-73.8781050096527;29.853198664768883;-68.10696409510528;
-39.198291791865756;8.146702334079109;-27.16133741948606;
-66.01589879801372;86.41883174915927;50.71448657862982;
92.92069141732384;-68.79231156262533;19.43116223365405;
55.8656624555658;-23.170831218150425;73.62848958034178;
-31.42625060557907;-65.56402348749461;72.3231776347728;
-90.00428388612178;2.035252765938125;-9.273297964589133;
-78.2473066683173;-82.8566364304085;86.71238174740759;
23.131874184922083;-78.78978673477147;-73.4115687200804;
-40.094474145647375;80.40160419741335;-50.312380081467964;
-84.94325691708227;68.20275415038498;75.13440038255467;
-86.36989753678436;-71.79473388670301;74.90124065292952;
-50.74439382373468;-65.49442982688035;40.59870079567659;
-14.83360450403977;-89.34687257121847;-29.515485035931107;
20.037345879061036;-32.76921637468864;15.805613086068888;
-91.948154519337;-39.377866578739585;58.286390787514904;
60.152378114784966;-14.651166746066679;-23.518013636620978;
-64.67465307773388;-43.88161157121016;16.269744130251922;
-93.12248423162299;4.035792097817435;-71.87828330934502;
72.81448504181043;73.4342909921298;12.961169837849013;
-65.44509700478645;52.924947095407816;51.547902865077276;
35.48271104627946;-61.35424731539128;-87.990524438098;
-29.45788074744516;-21.213449391853516;-6.732856234685329;
68.5862976151974;40.95046406131428;-23.17166678612557;
-20.820503055109626;7.953433327225156;22.33071070227794;
-96.59009787329506;41.85360171350834;2.5191216763989814;
-8.689276501717714;1.8340628772410668;-91.06443631184658;
-56.596689152940115;47.10318104972214;69.20508119232167;
-61.42027924581439;-64.85256010193194;-99.48413612799088;
-43.70589148355148;-51.71059420517421;-56.15385815394631;
32.5231134954752;-52.00973662681578;4.569507361490992;
8.741258152134534;79.7532336067793;74.70971598782921;
15.60888458584067;-71.70506459721597;-93.21439960056786;
-28.263393485919437;-37.62537666812005;-86.01478857454295;
58.94038903388707;-48.67870425863676;-72.08558652470262;
68.54412493688011;-45.717183097765954;81.46291685613795;
-59.672884970185414;90.08479743079846;69.85286086512909;
75.65475379203255;31.775891796816467;-70.45932816598533;
-95.32943647778183;89.4726606335928;34.08214777873516;
36.066470001799246;60.85597208618745;92.7381640461519;
80.85274121384342;-86.47281349642945;-25.75809445000074;
-59.91054385910522;-33.24312063384369;-19.07218165139959;
47.146847385480555;-1.8548114503573316;26.48321779829712;
-19.386757345785185;-11.48585192354794;4.047366782906138;
39.071789170960756;10.2940977388444;50.41299041746504;
-71.97868081573631;37.729319638398664;68.43118648742464;
-35.064488595321535;-8.3077581397919;10.900726521842401;
-2.7626280466240445;-68.1864384346148;54.24934886888079;
-82.71649670678832;83.53265384710039;-15.382354156050624;
-79.84967125527236;5.635859194404787;-65.08552503315705;
72.18968928908541;-55.089790133217555;-70.35653214003128;
-12.817925326431649;32.00026867981785;19.620437470367463;
-21.226159209837434;-81.31990160388109;-96.58996138003376;
0.19549039857606942;-92.03874873584645;-51.796626670239675;
-68.6457931403426;-86.05413797765749;-57.870596763073515;
75.33120471616667;-55.24214485024217;23.927872959915902;
-44.02711885286368;-14.463815618992328;-40.970944827867854;
60.622355741183554;-14.917341118851056;-12.860943605012636;
48.26579301180976;40.84569378488857;-88.58511692413924;
-26.842265718291628;-39.648300812818185;85.3984083384783;
-15.733677117941468;8.325083299016157;6.904734770758992;
-80.19204522884141;-12.666193507007023;-69.97324227586324;
50.08199171118267;96.62400422113751;-56.90084919102636;
-78.3631646927585;-70.4671463952541;13.075970916422008;
57.69509646400547;-32.294414308391;25.33179775119683;
-85.49576669910584;-47.428214239653556;32.68031550109893;
36.51120765242652;71.82793838867087;-96.30248216679422;
-81.68326328162846;69.85365949006771;0.41389375268794026;
14.691338218133225;49.664879773655514;-20.107935245112543;
-51.93734454635086;-12.800580387952266;-84.50979050681372;
-21.3946396587324;-78.57062107751088;19.99086166360395;
-53.7830032649802;42.08622809320087;43.04865903026035;
-32.33698508070344;50.95777701654097;-18.50340362811302;
35.23412642901275;20.51006057923263;54.91909995109313;
16.915642908113668;-87.52497153118264;29.023055193469162;
79.45047001764593;95.2240475737176;-69.44617817790268;
-10.346589745942097;89.22981596178406;26.957475826453802;
88.46006120836628;-67.11401689996303;-5.444442708273797;
-17.898950179762508;8.277681035799091;-89.6680152159795;
41.44172113964768;-18.914036627975776;28.57418366668304;
-35.53403479444496;-51.81076698448774;-55.21182957973676;
38.42194588444673;82.79522185849945;-45.66695952482587;
26.118282280329524;-47.966812719765905;-12.336020261711809;
36.34129336946384;-64.1690806014839;-21.90799822367336;
-6.441122488814784;14.169359393301022;-3.5293705835716764;
-26.781821620325985;75.69618616391116;-76.25198300502151;
-89.0891974436808;-14.400794300355841;-63.16457822174581;
62.71173933563256;-84.2691630690537;-7.321571324281749;
33.677917298743466;-69.85046689476395;-95.28396364047578;
15.888802362992124;29.873129932098863;75.88739314955922;
54.053738765749756;55.77337944039769;-20.43057914868413;
50.78790220874302;58.33814411792892;32.435086580429925;
-86.38989317746764;6.779238003070205;95.28555304955307;
-60.88995274670561;-0.11025375097484869;33.80217687295058;
77.1006387643435;-79.23986833112451;80.04951836523196;
40.590528060052776;17.723468182753948;-25.067881329565054;
-53.39514255292501;87.17668387828786;47.72614133766902;
38.732279200816635;17.762242377365894;-40.75914963780007;
-57.583200030218016;-26.383088350015797;91.59641377005875;
37.8987787987071;-6.2519146561502055;-11.199315451929806;
16.923223230980696;-36.75031831802844;52.915849483726134;
-45.56345377328832;5.117265210711693;15.98229796780437;
-1.926672213143405;47.32212995087238;-74.71221724277089;
-51.436152092739796;-59.625208231376824;44.7394918385605;
74.64009082514312;-13.986947256071687;-28.39812484190898;
-63.86362876417715;-3.485907104138761;85.98504050883821;
-22.08517807827954;-42.29122133700465;-69.49468841430524;
98.87245543277413;-3.190033799786036;71.54630889312003;
22.2380997759617;0.8536854576381785;-21.84622607784567;
-91.14686575622586;94.77459159179489;86.29568883609971;
25.20285533435515;75.85913191743686;-10.69283716311547;
-99.35456611811561;37.80853262567277;81.38726273036247;
19.696143936572923;-29.07943310040922;-42.45662385595048;
-13.355210802132333;-46.42140116241145;48.136461052650674;
-76.7235680598983;0.6575444019131851;-67.81189702445955;
14.483362827944674;-14.237271357362275;48.86799199559172;
71.68943757669192;27.793913023320087;1.1018925459583642;
27.76940111023623;-49.253774511297735;76.81789668146257;
-74.54043177263972;25.049993516207266;-17.796380595415684;
-96.95235570184637;-32.7654079853089;32.572550179384166;
-8.817863711195457;8.314029182118674;-82.106218067646;
8.616398289213791;-22.457122725077454;12.099605226954196;
78.98536555465262;-43.83955842988876;27.59841205952165;
-51.50803449789565;-69.61890306099454;-24.412733266894165;
58.10757663021465;-0.07296110769084407;43.58612576693744;
23.040093396250754;-74.99327953359509;53.34844870758997;
-66.00513923772951;-40.23424579248909;9.993706694986898;
-65.86419404673691;-32.73998098729925;13.128589308829191;
-90.00471998781099;24.131224278961753;87.48116936385341;
-13.418460499977769;97.71236054623219;2.3200165834136044;
18.708120185133723;53.732490087865926;-4.148122949211768;
60.19797309944889;-93.70636954320983;-49.25474030258352;
13.317884123588414;-61.415680740279946;-89.08116866635139;
41.66639166523805;-71.45129009807296;-91.3840591485618;
45.6540142482512;72.87028238483009;-26.64903550627953;
-23.11502363381352;-44.79367979387996;55.66692513192615;
69.99530393131764;-66.84141510797023;-23.454964328258626;
20.217959106894213;-94.99708647272345;-21.153922141175798;
91.38422227126327;-30.741630141739435;84.9657183644972;
-24.64462136972068;83.5414920433061;26.722701465214243;
-87.09260504884978;33.7070751101202;-52.01921119496347;
-75.77378150614922;-51.89365020600187;30.251167493371128;
-36.61393871231831;-2.5469359806701277;67.96584050360647;
78.05794892651315;36.401870006037115;-25.145115652673013;
37.43052781598993;9.531182231496004;-46.78404960367135;
32.665153013799454;9.61280166488703;-66.98181359347694;
32.94783078715946;63.085813916654985;-69.2937996945141;
-85.33194254492132;-32.65329924659801;56.60451380610624;
-97.07248899694079;6.515864241758848;-47.40924308395358;
-65.24773191415741;-28.85708878316666;-7.252936027858482;
-28.480661498518828;86.2128622116299;-58.002131684714485;
-41.67687809307359;68.41816687077562;57.04702730821876;
-81.21564499246443;97.62581192236527;73.51719595462325;
-75.10420375089646;40.94311815369696;75.50415395794056;
80.64946042344167;47.37920829618088;54.01275676572436;
-70.91531457030176;59.05856987881984;-83.4921539477806;
4.001471168951014;-44.067877396563816;89.13137147214027;
-26.22344070369917;-50.428692994965665;72.6242374578681;
51.87153221660921;44.71100290115115;-83.9110656294592;
-52.46886682017271;-26.781294692152642;-63.01063962507545;
-22.489086381756778;12.565827942389646;26.857129111381212;
-87.13689846906622;-54.76444643689593;40.89955597603614;
32.94652501868646;-5.5477474202125165;67.46752230517117;
-58.88830336948008;-44.7528279505826;-10.407849523130835;
-1.6946356497621053;-37.0290422625535;-4.599838904606557;
-63.739762858277494;82.6762575353903;36.020808837049884;
10.662941911823395;-44.78695131110839;-78.59371970295896;
69.36888904230017;-59.81084619382462;73.31507470466704;
30.128624930424905;-70.44338064621513;-85.01897683455984;
34.14273996169348;-13.603819629780787;83.1117297853302;
-52.068496105111684;47.79833319862661;-28.720971383890642;
-58.63688194742307;-47.08751979358485;48.4702270212683;
54.89141977662706;-22.676073121299225;-74.34560369497237;
-73.87262158120586;-50.29313321847384;97.92529496918056;
34.20170782446098;-22.162424209173864;61.18406059175297;
-50.390184025765336;-86.98230947293092;84.55049483072216;
-97.85958123794418;11.270351154891785;32.35112160788262;
60.78822587849305;-94.52599393411525;85.74626743968204;
23.26642422804062;47.537417253701705;-30.751172883903706;
-60.434101118512814;78.77801876728515;-77.26117129316614;
98.82235735120454;-39.649530907582076;22.818535844012217;
89.1215548195606;72.60838056240323;2.271347846319813;
-58.69023225253795;65.73087419231314;-48.76779813047496;
72.17902482856096;3.3941317705380243;57.35007908055829;
74.2493639947053;-27.501209001453674;65.92367051642128;
-94.88165025352491;-55.73690307038144;61.714659299158626;
50.59248446022838;-68.0017901823462;85.1897306143783;
-80.76039399514767;-89.36230982627988;-11.652311963390389;
-20.414528775103406;-91.30320431171674;62.82303788865448;
75.70388979433426;-60.638171874838534;22.11303084135301;
50.4582909095175;80.9862368468718;44.88125997445519;
-42.74782097448997;-75.50332624701164;-11.320864186319923;
99.33846234290544;-68.70705109845356;-17.708329126633075;
55.15554473052538;88.49694716441226;66.28189702424018;
87.38347463144547;27.154279675596456;-89.73549516763788;
95.2691704192022;8.724633494042038;-34.47435635978684;
-55.74469765965455;32.76097534868933;64.04323895804913;
-4.288615098229016;-31.599667605646275;-70.90058271614308;
29.581328635585322;-51.97335542133317;-2.167908793998791;
85.60682330508155;-12.764987647009704;-26.33693078343562;
20.683330347305102;-54.19170940278135;-79.83790129993943;
26.433849808500767;-63.89607918078597;97.7727679546305;
39.21185291019859;-14.367012641044226;61.71370421310965;
23.589447419660956;25.070754939514075;-38.01732468823948;
-29.126419403407496;14.222960094428473;4.807120314372355;
-23.505773434508882;-55.42914589694546;31.467273505689775;
-53.46356286876117;-68.83042637317429;-21.620946671043555;
43.44486477185049;52.21851383966455;0.8218529080791512;
71.86659366667837;86.07425910605374;56.136374428266436;
66.89527608531185;45.99245460106957;10.155576565227562;
95.39610290867176;-12.98411980190744;-16.558593195473833;
-37.79965473612792;8.825761633941468;-51.893462874009685;
-32.48482236433597;-83.14171594489552;-58.05937854247662;
86.25088920980636;-92.88996258128002;29.770517717908007;
-11.81896556016764;-26.907295821280954;78.47549152448872;
11.905026861288718;80.41826829560256;66.4085525433537;
-11.13738714710935;-60.09314823463154;61.762759365950075;
1.593279404126477;72.83479983091976;-88.27790797825227;
10.998256393488532;61.14935695522422;-31.072348570314674;
-67.26873119391857;75.50439661055398;-99.12720768830754;
92.50887160185837;-25.145769658535826;73.31935477776912;
34.27967267824076;-79.89695106084835;89.5653017977466;
-33.966796297419364;80.91921361696183;31.110241342641785;
-24.516012666757973;-24.508272938926652;-30.42946244503875;
-85.23853845856115;-97.81694565181141;19.829521772697944;
-46.077873457477715;43.3180587002536;-25.91761548713049;
78.1402044877286;46.184327858184076;-63.06379473090935;
-18.226359756503882;58.13066912265225;-96.81303808059542;
-98.71835747691185;-67.15283330552217;-62.60462052022102;
-90.13441919550887;5.893992734822433;-19.73065374749568;
-23.514254996327736;-3.358506077973658;89.46394404663332;
73.58494790604894;60.73867395504641;0.05226133391211363;
-72.39928187285949;46.69578265476247;-82.1324719495381;
-69.9091046572423;-20.668759071448804;25.693407495918592;
79.60764472233345;-56.93636465636711;-59.51340827181291;
-8.79978782162037;8.247788672823404;-64.62243734972499;
75.29524155054753;61.899852658950294;-7.332166292590685;
71.52112688544958;-28.08320221673479;-20.58559326849047;
33.542189420629825;38.601975465109405;-26.686109981929135;
-30.58760120899376;-16.34266856243711;-19.84175746126273;
71.77401420933037;29.808194301660848;86.83111497592998;
-96.43916205053935;-76.44287272884627;-45.86003083854919;
-32.289625050590814;78.175992622699;39.55894562016161;
36.6899813316011;64.76257747569923;-54.44121686404087;
-61.45618321894886;25.63738766405264;70.06617685993939;
-51.70006730720094;-88.58476055206319;91.51049788265934;
-57.95645671063336;50.749823617454126;38.156133459355544;
-39.56815786805572;91.06927845329426;-27.304904457278113;
23.48490236625456;-74.87396549708221;2.925870168000216;
86.16486985564612;72.93763468505657;-8.613042295665224;
61.3676458749934;-64.10486167756382;18.000573383282244;
-56.32262212203658;58.59311595266138;35.58149506029281;
17.08128674425069;20.76065491262085;41.21475907273242;
-35.09816656732548;8.520861707155873;-19.25927836773043;
-70.64551028480288;46.39229322878103;72.51364025599517;
4.613179495088929;-32.21801738906184;16.611288901168948;
-29.28503580872008;-61.59318848705717;-79.44780689206374;
-77.37203987603812;-24.518487184370045;6.22143539448561;
4.387415844129535;-27.276980549627922;75.10291202268436;
-60.055432948765365;71.08834083917094;49.29145421085431;
-52.95270356685982;66.15592897149492;95.54750710592637;
52.288210748637056;-71.84242347553203;66.7053987004177;
3.477828750296112;-16.840580515821443;-21.100738591072286;
86.67655572617946;81.75767261212098;-97.94660508786686;
-61.82523861625657;1.9245325808841471;54.33327731672716;
-4.792851768829692;-4.116979581835963;-21.896508633175443;
-22.091838478713015;-25.244252870863917;72.31763485575138;
-45.92447840206977;14.188381795565121;99.81334165755953;
86.66042460831355;-35.18057701140948;69.2414451042439;
55.52636303500134;-78.75832422640158;82.4342744345943;
55.56586985781939;-44.099120634061336;43.902194061797644;
-1.4406043875425922;-71.24268366844504;46.55762389144678;
37.70649867299517;97.5087528728063;78.19636961595211;
75.16990478823669;-94.57955435008705;76.64447557419678;
-90.02793723300417;-29.808983350966074;-34.41931135191767;
-41.009302742577994;-49.705633467188925;22.57942713071077;
37.64743702125074;-87.18446567393951;-81.06218586044747;
0.5815919423962015;25.64599783667512;43.88551714535521;
-25.20241658484568;-55.766302240660124;-47.13326107543714;
58.323385433360414;-80.57154718613924;-15.904645918586738;
-25.392940517011482;7.476720365425706;-40.52405441344358;
7.829664402044671;-98.39688860404566;20.93148743154518;
75.19825856710219;-41.40420261968127;-96.2870061720845;
9.780995179395163;-80.18354498791388;-9.178350663091422;
-68.42268163791076;-20.512466757200997;83.21954625216728;
31.775824773411756;-6.603023161698502;30.150323240156553;
93.5901846433776;-98.54037800194972;-45.367890004310055;
-58.279883533972956;-98.19441452572546;28.691404620390557;
-9.65976605786112;42.67728125091682;-3.9923502987404618;
-32.1427863415616;13.03569529186845;42.9167430851883;
-72.47502407576397;-31.34695779244585;-76.63348661015323;
75.05982408472008;94.36881037793188;-19.754204552533494;
-13.431144774585093;-66.86055999539911;-75.18615650851861;
81.63148592288329;24.57341945217391;23.58179518500127;
-68.88604477472649;21.570822496875806;31.80202342792998;
50.63422746606514;62.19197566573408;-75.66619429399225;
72.10682249754672;-53.134592167313755;-25.818308600934813;
71.58671629901198;94.96856968154589;29.090684404687153;
58.98925389987119;6.106140071433217;20.984530954188443;
11.051938630179706;-76.41963297836787;19.6065551262284;
89.84049246871666;-63.59216643488666;96.48856849808612;
-15.180647875953213;38.37561058295341;-90.93308297910787;
53.07905497514332;71.06276561926796;-17.98718601064904;
92.62266931237392;-2.6084993138046713;-57.1061404271638;
-90.25857569250692;26.626006001047344;15.9244695816719;
-16.964889274589794;71.00295093999344;64.65749386428496;
27.51298872064713;-96.3801521305967;32.24483316199414;
77.63788615462832;-6.510017264843796;13.902237129673296;
11.571218865761423;85.54238040925895;-76.38871793541647;
-2.0708253094259987;61.833639053686454;-18.339663321913278;
-84.23696505455625;-77.7270403593163;-34.33117466387081;
-4.2310398710886545;1.259351313680753;-58.22484746005643;
-69.59535417463223;6.065815094860554;-67.42284892707444;
0.35364551228396124;-73.58046789299169;54.43182327710741;
46.664110054183595;-65.72347784199172;-0.5455017087032417;
45.57273081644223;-35.50511845408306;-23.092187912502297;
-94.45874937686656;17.81376858773956;-53.66041495657869;
-63.21818307323343;-33.37638238282652;-38.20129022030743;
12.247814764298852;74.96431117673507;-74.3861282773927;
-66.92887589234589;58.54036854347774;-56.98962119562274;
-8.46057002953846;-44.50790550902506;-46.35999020621744;
-40.569716407684275;8.59946723774425;-55.32454133636362;
-19.638407983683976;-99.57367716669458;-42.634824480667824;
-5.902132071671275;6.821038267678688;-40.23485450751665;
2.021255251149583;61.26785490580903;14.411595568605577;
-6.9983771593078075;34.46053791985247;-32.685633668338184;
88.83492648600532;2.871859992446545;-65.79254670987143;
80.58204972530768;88.96367987604754;45.52461388426369;
-37.43967972506326;93.2969082374201;-51.64881188106796;
-58.63825473519293;40.006353103834215;-79.90733783758009;
-64.50696102047519;59.610174959597686;-82.12254610171678;
-51.835332465188834;1.4842846979939992;12.349071096794333;
48.37882624286593;51.044762448988536;-22.494758688637745;
-58.43219145409031;81.53657629762768;-58.532961400554285;
49.6076700294027;11.931678735389738;-26.725484890425747;
-16.478924683045662;34.56245420157194;-67.71612694440385;
75.74440361577535;-89.73430239816444;-91.93126067838988;
20.513919201127322;99.19798575400921;0.20297733952352814;
-4.5863355165724755;99.27424287922483;84.10319801873607;
-45.511372581877964;24.710903236445645;-35.87192513380349;
-97.12896103076187;-13.518366409099642;64.13516644416427;
-98.93639708262145;-77.52646708231822;86.21241305848534;
17.109043580989635;-53.08939432876676;-97.60250380589342;
54.575464683507334;33.18752354654973;84.04768656371311;
-23.20737477838675;-84.47105161926149;-92.57542169991635;
-60.11057797067183;75.33667316844523;-90.6897865272878;
87.29534520257906;21.994650619590047;-25.745504378016236;
45.65292209931778;83.78643570000867;61.238431914322916;
-62.90824496921628;-46.78213641725522;92.05598816749182;
58.34186779243922;4.258182892798757;99.92623130775337;
67.10412533009585;-66.84436578261943;21.019412463445008;
-21.38936416954465;-28.816424010571055;61.44437347157904;
55.53028363825243;-46.62434970830252;12.219224824310842;
50.52099841832046;-48.333158717357485;-55.71362122440904;
26.294495256758395;52.93122508190797;-14.171949077999216;
-8.520053936039588;-77.69854626170078;-53.50962863673456;
-47.45751091746862;-15.478502482145458;-96.85935862101766;
19.326033060936382;90.62930383862246;68.80274306665822;
5.395667094978677;-9.818332413631097;79.82670944536508;
48.00778018279087;-41.803309637571594;67.08788450666955;
87.21543957589572;90.14733294227116;52.02594414451386;
-98.39039666132112;-76.57134945992419;14.389279627809117;
29.507584380018415;-68.77105314598225;-19.44629384887311;
-13.110269671400516;-37.23692326044636;-80.9747796689059;
-33.20446333495627;-13.944400620426407;65.70258061200727;
97.664947295269;-72.6149115350796;-88.85381600953836;
4.661682005398447;3.8164221015663173;46.880677869579415;
-97.15230485952769;-82.91800695754337;49.454864476133565;
64.92397330620548;-79.56857810862046;25.473182611216473;
-81.87418181266462;5.676400482555394;77.33261389108489;
42.68298115868464;-2.914032911865675;-79.42407341959981;
75.4638708105343;-95.45906256349497;60.342097522235605;
74.71816066702152;98.30326553508223;-62.76943558771173;
-97.03942089778077;69.07973796371604;-76.22591708536285;
-30.716265353522587;-6.378819953739949;-16.033857392283537;
0.1595701373253462;-68.1198357650853;60.240704774254596;
-46.51993523463385;-8.22734987686529;-43.82608344047336;
52.59341414102096;36.47049467183362;45.827187460304486;
72.65788972028241;-63.7931679274858;36.33687043381647;
-42.06616877418734;-54.883614426650816;63.41303758585457;
40.22653942262414;-79.12986838344969;30.504810651098865;
40.28714153513806;97.57796713710144;29.751168120867902;
-53.86526777932625;62.30620988134365;38.62616596049219;
-13.546577592137425;46.831509978297646;26.913398974541394;
-54.599188340257164;97.12129676100466;67.27077187408156;
-52.22620659812929;30.91166745547497;88.81213726374892;
-31.51085099957018;93.35971880361186;56.629937061983895;
84.81226344829474;42.60365517494054;51.60520165478829;
-75.96173636179859;72.88303472142817;76.06322261169007;
-17.2794833661889;-87.0638559880966;-23.327467306151803;
-50.70509125860183;63.85950253863189;7.3515696231055045;
-2.2449656163632454;59.39641220999928;-47.8161486689366;
49.323802943682836;34.236992812686;-7.43442131896461;
-3.0299334342441426;91.48624934087246;-98.40520566794957;
-55.7533921646207;-83.24354121172944;81.29242820549473;
-17.613829198164993;87.5117664079012;-75.87097308202806;
-97.10787461529331;13.70362771919234;23.986493718996087;
28.596661209058567;27.078873860168812;-15.285086501794737;
16.66478144359462;77.10772358139752;-24.606032843878438;
-38.6379721711543;-99.74914923050564;2.1114586319427104;
91.38628398989815;81.26682852065579;-7.797833570557216;
-61.33051067382351;-69.80877833573956;-30.88197008320286;
-13.562120720083797;-55.02599413897262;-72.99383942081303;
11.290630234100774;-98.28410795486839;14.730918484841155;
85.70392525572566;98.17569253297435;77.97077733821294;
-94.78219909606405;40.739713119740316;-6.3252248628549665;
-33.55613469787106;21.427968844397924;-11.32889615770776;
23.53989236413281;43.22581116941814;-5.436290893066925;